[H[2J
BigCommunity Base Live ISO (\l) - \s-\r \m

              [31mWelcome to BigCommunity[0m

            [?25l[0m [38;2;0;0;0m   [0m [38;2;8;42;68m▂[38;2;11;48;78m▄[38;2;14;54;88m▅[38;2;16;56;91m▆[38;2;18;58;95m▇[38;2;20;61;100;48;2;10;26;40m▇[38;2;22;64;105;48;2;17;45;73m▇[38;2;24;66;109;48;2;22;55;91m▇[38;2;26;68;112;48;2;25;64;107m▇[48;2;26;66;109m▇[38;2;24;66;109;48;2;21;55;91m▇[38;2;22;64;105;48;2;17;45;73m▇[38;2;20;61;100;48;2;11;29;46m▇[0m[38;2;18;58;95m▇[38;2;16;56;91m▆[38;2;14;54;88m▅[38;2;11;48;78m▄[38;2;8;43;69m▂[0m [38;2;2;14;22m    [0m
             [38;2;0;0;0m [38;2;1;22;35m▁[38;2;4;40;65m▅[38;2;7;49;78;48;2;4;29;47m▇[38;2;9;52;83;48;2;10;53;85m▍[38;2;11;54;87;48;2;12;55;88m╴[38;2;115;134;153;48;2;32;69;102m▁[38;2;25;63;97;48;2;16;58;94m▏[38;2;18;61;99;48;2;17;59;97m▝[38;2;18;60;99;48;2;20;62;101m▄[38;2;19;62;101;48;2;21;63;104m▃[38;2;21;63;103;48;2;26;67;107m╴[38;2;162;173;186;48;2;31;70;110m▁[38;2;124;138;157;48;2;25;67;108m▁[38;2;21;63;103;48;2;22;65;106m▄[38;2;20;63;103;48;2;24;65;104m┈[38;2;171;182;194;48;2;28;67;105m▂[38;2;218;224;229;48;2;36;74;108m▃[38;2;223;228;232;48;2;37;74;107m▃[38;2;158;170;182;48;2;23;63;96m▂[38;2;12;54;88;48;2;12;55;88m┈[38;2;10;53;85;48;2;9;52;83m▋[38;2;7;49;78;48;2;4;29;47m▇[0m[38;2;4;40;65m▅[38;2;1;23;36m▁  [0m
             [38;2;0;36;57m▗[38;2;2;43;68;48;2;2;31;50m▇[38;2;5;48;77;48;2;4;47;75m▝[38;2;7;50;80;48;2;6;48;78m▝[38;2;9;52;83;48;2;8;50;81m▝[38;2;196;203;210;48;2;52;83;109m▗[38;2;202;208;214;48;2;41;73;102m▋[38;2;13;55;90;48;2;15;56;91m╴[38;2;141;153;166;48;2;22;62;97m▁[38;2;133;149;166;48;2;19;60;96m▂[38;2;64;90;117;48;2;17;60;97m▁[38;2;56;87;118;48;2;167;179;192m▌[38;2;164;178;192;48;2;251;252;252m▂[38;2;102;125;147;48;2;218;223;228m▂[38;2;112;132;154;48;2;40;76;110m▗[38;2;83;109;136;48;2;225;229;233m▘[38;2;189;198;206;48;2;247;248;249m▁[38;2;62;92;119;48;2;242;243;245m▃[38;2;12;55;89;48;2;214;220;225m▃[38;2;84;109;131;48;2;232;235;237m▃[38;2;186;196;204;48;2;62;92;116m▖[38;2;9;52;83;48;2;8;50;81m▘[38;2;7;50;80;48;2;6;48;78m▘[38;2;5;48;77;48;2;4;47;75m▘[38;2;3;46;73;48;2;2;41;66m╴[0m[38;2;0;36;57m▖[0m [0m
            [38;2;0;26;41m▗[38;2;0;31;49;48;2;0;41;65m▏[38;2;2;44;70;48;2;0;43;68m▝[38;2;2;44;71;48;2;3;45;73m▄[38;2;3;46;73;48;2;5;47;76m▄[38;2;5;47;76;48;2;6;49;78m▃[38;2;67;92;112;48;2;207;213;219m▍[38;2;243;245;246;48;2;168;180;191m▇[38;2;239;241;243;48;2;83;109;131m▆[38;2;131;147;162;48;2;238;240;242m▂[38;2;47;80;108;48;2;229;232;235m▄[38;2;211;216;221;48;2;102;125;147m▇[38;2;196;203;209;48;2;80;106;130m▖[38;2;235;238;241;48;2;138;156;173m▇[38;2;222;225;228;48;2;115;135;156m▆[38;2;60;91;119;48;2;220;223;227m▌[38;2;249;250;250;48;2;194;199;206m▊[38;2;149;164;178;48;2;32;68;98m▘[38;2;181;190;199;48;2;28;65;97m▂[38;2;235;237;239;48;2;48;81;108m▄[38;2;241;242;244;48;2;48;79;104m▅[38;2;173;182;190;48;2;65;93;115m▖[38;2;5;47;76;48;2;6;49;78m▃[38;2;3;46;73;48;2;5;47;76m▄[38;2;2;44;71;48;2;3;45;73m▄[48;2;0;43;68m▘[38;2;0;41;65;48;2;0;31;50m▉[0m[38;2;0;26;41m▖[0m
            [7m[38;2;0;37;59m▍[0m[38;2;0;12;19;48;2;0;42;67m  [38;2;0;42;67;48;2;1;44;69m▇[38;2;3;45;72;48;2;1;43;70m▝[38;2;2;44;71;48;2;3;46;74m▃[38;2;49;78;99;48;2;130;146;159m▍[38;2;63;91;112;48;2;223;227;230m▆[38;2;16;55;84;48;2;170;180;189m▆[38;2;111;126;140;48;2;19;58;87m▁[38;2;197;205;211;48;2;64;94;118m▄[38;2;255;255;255;48;2;245;246;247m┊[38;2;182;191;199;48;2;37;71;99m▌[38;2;34;69;97;48;2;182;191;199m▄[38;2;116;135;150;48;2;234;237;239m▂[38;2;209;214;219;48;2;99;121;139m▖[38;2;36;70;97;48;2;191;198;206m▃[38;2;9;51;81;48;2;190;198;205m▁[38;2;80;106;126;48;2;243;244;246m▃[38;2;20;59;86;48;2;217;221;224m▄[38;2;88;111;128;48;2;242;244;245m▖[38;2;213;219;223;48;2;76;101;119m▌[38;2;2;44;71;48;2;3;46;74m▃[38;2;3;45;72;48;2;1;43;70m▘[38;2;0;42;67;48;2;1;44;69m▇[48;2;0;42;67m  [0m[38;2;0;37;59m▋[0m
            [38;2;0;27;41;48;2;0;40;64m▎[48;2;0;42;67m    [38;2;0;42;67;48;2;1;43;69m▆[38;2;163;172;180;48;2;13;52;76m▝[38;2;119;136;148;48;2;221;225;228m▂[38;2;241;242;243;48;2;40;75;99m▇[38;2;244;245;246;48;2;179;190;197m▇[38;2;105;125;140;48;2;244;246;247m▂[38;2;26;63;89;48;2;176;186;194m▄[38;2;20;96;137;48;2;11;52;81m▂[38;2;38;135;188;48;2;8;57;89m▂[48;2;13;60;91m▂[38;2;15;66;97;48;2;104;122;138m▇[38;2;5;47;76;48;2;9;50;79m┈[38;2;4;46;74;48;2;6;48;78m▅[38;2;3;45;73;48;2;5;47;76m▄[38;2;3;46;73;48;2;18;55;80m▉[38;2;219;223;226;48;2;90;112;127m▝[38;2;125;139;151;48;2;4;45;70m▘[38;2;0;42;67;48;2;1;43;69m▆[48;2;0;42;67m    [38;2;0;40;65;48;2;0;28;42m▊[0m
            [38;2;0;41;66;48;2;0;40;64m▇[48;2;0;42;67m      [38;2;0;42;67;48;2;37;65;85m▇[38;2;4;45;70;48;2;118;131;141m▇[38;2;3;45;70;48;2;110;122;133m▇[38;2;1;43;69;48;2;27;60;82m▇[38;2;5;57;86;48;2;30;120;168m▘[38;2;42;145;201;48;2;41;143;198m┈[48;2;42;145;201m  [48;2;41;143;198m┈[38;2;4;55;84;48;2;28;119;166m▝[38;2;0;43;68;48;2;2;45;71m▅[38;2;0;42;67;48;2;1;44;70m▅[48;2;0;43;68m┈[48;2;23;57;79m▇[48;2;0;42;67m      [38;2;0;41;66;48;2;0;39;60m▉[0m
            [38;2;0;42;67;48;2;0;41;65m┊[48;2;0;42;67m   [38;2;10;66;100;48;2;1;44;70m▁[38;2;32;117;170;48;2;2;49;77m▄[38;2;39;135;193;48;2;6;59;91m▅[38;2;38;138;194;48;2;9;67;100m▅[38;2;31;128;180;48;2;1;47;74m▅[38;2;18;101;143;48;2;1;47;73m▖[38;2;0;43;68m▉[38;2;14;86;124;48;2;37;135;187m▎[48;2;42;145;201m    [38;2;36;134;186;48;2;12;85;121m▊[38;2;0;42;67;48;2;0;43;68m┈[38;2;10;116;146;48;2;1;49;74m▗[38;2;15;150;184;48;2;0;49;74m▅[38;2;16;165;198;48;2;4;75;102m▅[38;2;14;166;196;48;2;2;65;91m▅[38;2;10;145;173;48;2;1;51;76m▄[38;2;2;74;99;48;2;0;45;70m▁[48;2;0;42;67m   [38;2;0;41;65;48;2;0;37;59m▉[0m
            [38;2;0;27;40;48;2;0;40;64m▎[48;2;0;42;67m   [38;2;7;62;95;48;2;35;119;174m▍[38;2;42;136;198;48;2;42;136;197m┊[38;2;41;138;198;48;2;40;139;198m▍[38;2;40;140;198;48;2;38;141;198m▏[38;2;38;142;198;48;2;37;143;198m▍[38;2;33;140;192;48;2;18;108;150m▉[38;2;9;83;118;48;2;1;45;71m▏[38;2;1;45;71;48;2;11;74;108m▇[38;2;4;54;82;48;2;36;133;184m▅[38;2;1;48;74;48;2;37;138;190m▃[48;2;37;137;190m▃[38;2;3;54;82;48;2;35;132;183m▅[38;2;1;45;71;48;2;10;73;106m▇[38;2;1;47;73;48;2;6;94;123m▉[38;2;11;123;154;48;2;19;159;195m▏[38;2;19;166;201;48;2;18;167;202m▍[38;2;18;168;202;48;2;16;169;202m▌[38;2;16;170;202;48;2;15;172;202m▋[38;2;14;174;203;48;2;14;173;202m┊[38;2;9;148;175;48;2;1;70;94m▋[48;2;0;42;67m   [38;2;0;40;64;48;2;0;26;39m▊[0m
            [7m[38;2;0;37;59m▍[0m[38;2;0;12;18;48;2;0;42;67m   [38;2;32;112;164;48;2;3;51;80m▝[38;2;18;86;128;48;2;40;132;192m▂[38;2;38;133;189;48;2;40;139;198m▁[38;2;37;137;192;48;2;39;141;198m▁[38;2;23;106;151;48;2;36;140;195m▁[38;2;5;60;91;48;2;25;120;166m▃[38;2;14;85;122;48;2;0;44;70m▂[38;2;34;129;180;48;2;2;48;74m▂[38;2;37;137;190;48;2;2;49;76m▃[38;2;41;142;197;48;2;3;52;80m▃▃[38;2;37;138;190;48;2;2;49;76m▃[38;2;33;130;180;48;2;1;48;75m▂[38;2;13;87;123;48;2;0;45;71m▂[38;2;3;66;93;48;2;15;137;170m▃[38;2;11;126;156;48;2;18;164;199m▁[38;2;16;163;196;48;2;17;169;202m▁[38;2;13;162;193;48;2;15;171;202m▁[38;2;5;101;128;48;2;13;167;196m▂[38;2;8;138;166;48;2;1;54;79m▘[48;2;0;42;67m   [0m[38;2;0;38;60m▋[0m
            [38;2;0;25;40m▝[38;2;0;30;48;48;2;0;40;65m▏[48;2;0;42;67m   [38;2;0;42;67;48;2;3;54;84m▇[38;2;1;46;72;48;2;21;97;141m▇[38;2;0;43;68;48;2;18;92;133m▆[38;2;0;43;69;48;2;9;73;107m▇[38;2;28;115;162;48;2;4;57;86m▝[38;2;6;62;92;48;2;38;137;191m▃[38;2;27;114;159;48;2;41;142;198m▁[48;2;42;145;201m    [38;2;27;117;162;48;2;41;143;197m▁[38;2;5;61;90;48;2;37;138;191m▃[38;2;28;118;164;48;2;4;59;87m▘[38;2;0;44;69;48;2;4;84;110m▇[38;2;0;43;68;48;2;7;107;136m▆[38;2;0;47;72;48;2;7;116;143m▇[38;2;0;42;67;48;2;1;59;83m▇[48;2;0;42;67m   [38;2;0;41;65;48;2;0;31;49m▉[0m[38;2;0;26;41m▘[0m
             [38;2;0;34;54m▝[38;2;0;27;43;48;2;0;40;63m▁[38;2;1;45;71;48;2;9;64;98m▉[38;2;35;117;172;48;2;3;52;81m▅[38;2;41;135;195;48;2;12;73;110m▆[38;2;40;138;197;48;2;16;83;123m▆[38;2;38;141;197;48;2;16;85;124m▆[38;2;37;142;197;48;2;14;86;124m▆[38;2;34;141;194;48;2;8;72;106m▆[38;2;25;124;169;48;2;4;57;85m▃[38;2;14;84;121;48;2;2;50;76m▝[38;2;4;56;84;48;2;36;134;186m▄[38;2;8;68;100;48;2;41;143;198m▃▃[38;2;4;56;85;48;2;36;135;188m▄[38;2;14;87;123;48;2;1;51;77m▘[38;2;16;136;171;48;2;2;59;85m▃[38;2;19;160;196;48;2;4;79;106m▆[38;2;18;166;201;48;2;7;96;125m▆[38;2;17;168;201;48;2;6;97;125m▆[38;2;15;170;201;48;2;5;98;125m▆[38;2;13;171;200;48;2;3;86;112m▆[38;2;9;151;178;48;2;1;57;82m▅[38;2;2;76;100;48;2;0;46;71m▏[38;2;0;27;44;48;2;0;40;64m▁[0m[38;2;0;34;55m▘[0m [0m
             [38;2;0;0;0m [0m [38;2;23;89;134m▝[38;2;24;79;116;48;2;42;130;190m▁[38;2;42;136;198;48;2;42;136;197m┊[38;2;41;138;198;48;2;40;139;198m▍[38;2;40;140;198;48;2;38;141;198m▏[38;2;38;142;198;48;2;37;143;198m▍[38;2;36;145;199;48;2;34;146;199m▋[38;2;34;148;199;48;2;33;147;199m┊[38;2;30;146;195;48;2;16;103;141m▇[38;2;27;142;188;48;2;3;59;86m▆[38;2;26;148;192;48;2;1;49;75m▅[38;2;25;149;192;48;2;1;50;76m▅[38;2;23;148;189;48;2;2;61;88m▆[38;2;23;157;197;48;2;12;111;144m▇[48;2;22;162;201m [38;2;21;164;201;48;2;20;165;201m▌[38;2;19;166;201;48;2;18;167;202m▍[38;2;18;168;202;48;2;16;169;202m▌[38;2;16;170;202;48;2;15;172;202m▋[38;2;14;173;202;48;2;13;174;203m▌[38;2;6;106;125;48;2;11;169;197m▁[0m[38;2;5;112;137m▘[7m[38;2;0;20;31m▇[0m[38;2;0;3;4m  [0m
             [38;2;0;0;0m   [0m [7m[38;2;33;110;160m▆[38;2;35;123;175m▄[38;2;37;135;189m▃[38;2;35;136;189m▂[38;2;33;137;188m▁[0m[38;2;10;50;70;48;2;29;134;182m▁[38;2;1;42;65;48;2;26;134;180m▄[38;2;1;46;70;48;2;26;138;182m▃[38;2;2;55;82;48;2;27;151;196m▃[38;2;2;54;80;48;2;26;152;196m▃[38;2;1;46;70;48;2;21;143;182m▃[38;2;1;43;65;48;2;19;142;179m▄[38;2;7;60;78;48;2;19;147;183m▁[0m[7m[38;2;19;156;191m▁[38;2;17;158;191m▂[38;2;15;159;191m▃[38;2;13;151;179m▄[38;2;10;142;167m▆[0m [38;2;0;2;2m    [0m
            [?25h
                         login:

                   [34muser[0m     [1m[36mlive[0m
                   [34mpassword[0m [1m[36mlive[0m

          To launch the installer type: [1m[36mbig-install[0m 
          To launch the installer type: [1m[36msetup (manjaro-architect)[0m
          To launch the installer type: [1m[36mvoid-install[0m

[?12l[?25h
